1  1.24235e+25  1.24235e+25
2  6.04611e+25  6.04611e+25
3  9.44187e+25  9.44187e+25
4  1.96291e+26  1.96291e+26
5  3.64423e+26  3.64423e+26
6  5.79764e+26  5.79764e+26
7  8.44799e+26  8.44799e+26
8  1.60098e+27  1.60098e+27
9  2.49795e+27  2.49795e+27
10  3.48687e+27  3.48687e+27
11  5.42079e+27  5.42079e+27
12  7.75144e+27  7.75144e+27
13  1.08532e+28  1.08532e+28
14  1.62392e+28  1.62392e+28
15  2.24369e+28  2.24369e+28
16  3.10538e+28  3.10538e+28
17  4.40786e+28  4.40786e+28
18  5.89255e+28  5.89255e+28
19  8.13111e+28  8.13111e+28
20  1.08676e+29  1.08676e+29
21  1.45511e+29  1.45511e+29
22  1.93013e+29  1.93013e+29
23  2.58076e+29  2.58076e+29
24  3.40324e+29  3.40324e+29
25  4.44801e+29  4.44801e+29
26  5.79318e+29  5.79301e+29
27  7.46115e+29  7.4605e+29
28  9.5675e+29  9.56682e+29
29  1.21697e+30  1.2169e+30
30  1.53808e+30  1.53799e+30
31  1.93301e+30  1.93292e+30
32  2.42107e+30  2.42086e+30
33  3.01348e+30  3.01311e+30
34  3.72797e+30  3.72744e+30
35  4.58873e+30  4.58806e+30
36  5.6236e+30  5.62293e+30
37  6.88204e+30  6.88081e+30
38  8.38341e+30  8.38208e+30
39  1.01706e+31  1.01684e+31
40  1.2326e+31  1.23236e+31
41  1.48966e+31  1.48933e+31
42  1.80164e+31  1.80117e+31
43  2.18152e+31  2.1809e+31
44  2.63438e+31  2.63358e+31
45  3.16544e+31  3.16441e+31
46  3.7508e+31  3.74942e+31
47  4.34194e+31  4.34013e+31
48  4.89796e+31  4.89526e+31
49  5.41369e+31  5.41e+31
50  5.92906e+31  5.92421e+31
51  6.49035e+31  6.48402e+31
52  7.14727e+31  7.13892e+31
53  7.91709e+31  7.90592e+31
54  8.75685e+31  8.74271e+31
55  9.57744e+31  9.55975e+31
56  1.03086e+32  1.02865e+32
57  1.09242e+32  1.08979e+32
58  1.1419e+32  1.13887e+32
59  1.18302e+32  1.17964e+32
60  1.21963e+32  1.2158e+32
61  1.25319e+32  1.24885e+32
62  1.28561e+32  1.28065e+32
63  1.31531e+32  1.30963e+32
64  1.33867e+32  1.33225e+32
65  1.35144e+32  1.34429e+32
66  1.34954e+32  1.34162e+32
67  1.33497e+32  1.32633e+32
68  1.30985e+32  1.30054e+32
69  1.27651e+32  1.26655e+32
70  1.2389e+32  1.22842e+32
71  1.19639e+32  1.18541e+32
72  1.14938e+32  1.13791e+32
73  1.09697e+32  1.08487e+32
74  1.03828e+32  1.02569e+32
75  9.76909e+31  9.63834e+31
76  9.15518e+31  9.02008e+31
77  8.54418e+31  8.40668e+31
78  7.93768e+31  7.79907e+31
79  7.34904e+31  7.20951e+31
80  6.77593e+31  6.63404e+31
81  6.22757e+31  6.08317e+31
82  5.72317e+31  5.57631e+31
83  5.27315e+31  5.12278e+31
84  4.87096e+31  4.71597e+31
85  4.52594e+31  4.36508e+31
86  4.22382e+31  4.05456e+31
87  3.95654e+31  3.7774e+31
88  3.70462e+31  3.5166e+31
89  3.43778e+31  3.23914e+31
90  3.16119e+31  2.95261e+31
91  2.87354e+31  2.66097e+31
92  2.57509e+31  2.36422e+31
93  2.26525e+31  2.06092e+31
94  1.9471e+31  1.75454e+31
95  1.59928e+31  1.42627e+31
96  1.201e+31  1.06378e+31
97  8.49702e+30  7.49606e+30
98  6.19829e+30  5.43335e+30
99  4.68997e+30  4.07913e+30
100  3.55697e+30  3.07711e+30
101  2.54359e+30  2.19882e+30
102  1.79912e+30  1.55518e+30
103  1.31415e+30  1.13193e+30
104  9.75031e+29  8.37336e+29
105  6.91383e+29  5.92805e+29
106  4.83054e+29  4.14853e+29
107  3.49972e+29  3.00053e+29
108  2.49956e+29  2.13845e+29
109  1.73305e+29  1.48529e+29
110  1.17295e+29  1.00818e+29
111  8.28019e+28  7.08993e+28
112  5.74695e+28  4.92658e+28
113  3.77633e+28  3.23293e+28
114  2.56107e+28  2.19904e+28
115  1.76803e+28  1.52072e+28
116  1.13029e+28  9.69945e+27
117  7.18742e+27  6.16372e+27
118  4.68201e+27  4.00286e+27
119  3.08766e+27  2.66526e+27
120  1.76165e+27  1.52312e+27
121  1.13302e+27  9.24309e+26
122  7.11453e+26  6.06267e+26
123  3.58625e+26  3.18042e+26
124  2.29421e+26  2.07887e+26
125  1.20094e+26  1.11812e+26
126  3.8927e+25  2.89882e+25
127  6.62587e+24  6.62587e+24
